349 485 187 138 925 20 752 1 529 832 698 37 612 820 192 422 885 781 839 205 
581 420 960 930 723 393 48 394 359 840 224 533 766 511 291 362 359 172 2 462 
652 687 520 549 932 841 635 235 441 711 197 237 772 133 422 906 872 636 141 156 
510 992 828 571 326 421 258 711 604 353 921 428 729 571 922 278 876 499 952 985 
867 399 42 265 280 202 246 206 829 802 118 869 766 656 792 679 553 666 796 733 
319 453 217 117 706 282 730 928 538 103 41 751 359 410 769 971 342 854 372 454 
183 862 766 804 652 819 456 625 144 731 538 933 155 661 746 190 914 657 759 168 
477 334 385 259 476 739 836 655 394 651 282 265 633 999 30 139 899 661 179 648 
413 495 383 653 237 105 369 413 578 492 214 73 260 453 983 102 712 301 228 229 
683 262 2 29 620 665 533 516 106 884 399 814 991 840 82 191 894 748 81 560 
